query,target,qstart,qend,tstart,tend,alntmscore,qtmscore,ttmscore,lddt,prob,evalue
IPR012444_A0A015LDT9_model,U9TCZ7,1,326,1,326,9.818E-01,9.788E-01,9.788E-01,9.826E-01,1.000,1.047E-66
IPR012444_A0A015LDT9_model,A0A2I1ETB5,1,326,1,326,9.758E-01,9.728E-01,9.728E-01,9.891E-01,1.000,1.113E-66
IPR012444_A0A015LDT9_model,A0A2N0PHM4,1,326,1,326,8.526E-01,8.501E-01,8.501E-01,9.749E-01,1.000,5.812E-66
IPR012444_A0A015LDT9_model,A0A372QPV5,30,326,259,556,8.613E-01,7.826E-01,4.615E-01,9.105E-01,1.000,1.011E-57
IPR012444_A0A015LDT9_model,A0A2Z6Q4B9,1,326,1,334,8.046E-01,8.023E-01,7.818E-01,9.386E-01,1.000,6.549E-53
IPR012444_A0A015LDT9_model,A0A397TJH9,1,326,11,355,7.731E-01,7.708E-01,7.021E-01,9.181E-01,1.000,1.507E-53
IPR012444_A0A015LDT9_model,A0A9N9H645,40,325,5,286,8.883E-01,7.664E-01,8.639E-01,9.074E-01,1.000,2.585E-43
IPR012444_A0A015LDT9_model,A0A9W4SRT9,2,325,12,346,7.726E-01,7.655E-01,7.154E-01,8.937E-01,1.000,3.876E-44
IPR012444_A0A015LDT9_model,A0A2Z6RDR6,31,321,24,314,8.430E-01,7.506E-01,7.694E-01,8.923E-01,1.000,1.876E-41
IPR012444_A0A015LDT9_model,A0A397SU37,38,326,1,287,8.614E-01,7.567E-01,8.584E-01,8.855E-01,1.000,6.942E-40
IPR012444_A0A015LDT9_model,A0A397TJ01,73,326,1,261,9.677E-01,7.545E-01,8.108E-01,8.885E-01,1.000,4.563E-37
IPR012444_A0A015LDT9_model,A0A2I1ES02,1,322,5,348,7.653E-01,7.537E-01,7.004E-01,8.707E-01,1.000,2.488E-42
IPR012444_A0A015LDT9_model,A0A2I1G745,1,321,4,347,7.655E-01,7.516E-01,6.984E-01,8.737E-01,1.000,3.820E-42
IPR012444_A0A015LDT9_model,U9TV74,1,321,4,347,7.655E-01,7.515E-01,6.984E-01,8.705E-01,1.000,4.879E-42
IPR012444_A0A015LDT9_model,A0A9N9FVS4,29,325,6,309,8.408E-01,7.641E-01,8.006E-01,8.761E-01,1.000,7.106E-39
IPR012444_A0A015LDT9_model,A0A9N9AB69,9,324,12,303,8.444E-01,7.550E-01,7.810E-01,8.768E-01,1.000,2.382E-36
IPR012444_A0A015LDT9_model,A0A397JRB8,33,324,1,297,8.453E-01,7.568E-01,7.568E-01,8.634E-01,1.000,3.439E-36
IPR012444_A0A015LDT9_model,A0A9N9CDX3,40,322,4,284,8.635E-01,7.436E-01,7.347E-01,8.516E-01,1.000,5.966E-36
IPR012444_A0A015LDT9_model,A0A9N9JHT4,74,324,22,280,9.381E-01,7.226E-01,8.163E-01,8.639E-01,1.000,6.251E-34
IPR012444_A0A015LDT9_model,A0A8H4ACU0,1,326,1,317,7.850E-01,7.612E-01,6.718E-01,8.697E-01,1.000,7.915E-37
IPR012444_A0A015LDT9_model,A0A9N9HJ60,30,324,124,420,8.280E-01,7.479E-01,5.390E-01,8.385E-01,1.000,5.612E-36
IPR012444_A0A015LDT9_model,A0A9W4WUE0,104,325,178,399,9.760E-01,6.653E-01,5.383E-01,8.326E-01,1.000,1.925E-32
IPR012444_A0A015LDT9_model,A0A9W4WUY4,31,301,47,305,8.465E-01,6.712E-01,6.880E-01,8.383E-01,1.000,8.293E-35
IPR012444_A0A015LDT9_model,A0A9P6UTS0,32,326,11,316,8.248E-01,7.454E-01,7.545E-01,8.261E-01,1.000,7.337E-35
IPR012444_A0A015LDT9_model,A0A9P6U680,30,326,13,311,8.150E-01,7.418E-01,7.463E-01,8.215E-01,1.000,1.059E-34
IPR012444_A0A015LDT9_model,A0A9P6TUL0,73,326,2,267,9.514E-01,7.444E-01,7.765E-01,8.421E-01,1.000,8.055E-31
IPR012444_A0A015LDT9_model,A0A9P8A492,1,326,5,342,7.401E-01,7.378E-01,6.694E-01,8.266E-01,1.000,2.029E-35
IPR012444_A0A015LDT9_model,A0A367J4Q5,58,326,89,371,9.023E-01,7.455E-01,4.401E-01,8.377E-01,1.000,2.368E-31
IPR012444_A0A015LDT9_model,A0A9W4SSE2,101,323,2,231,9.814E-01,6.721E-01,7.949E-01,8.061E-01,1.000,1.579E-30
IPR012444_A0A015LDT9_model,A0A9P6SVS8,31,326,718,1023,8.209E-01,7.443E-01,2.367E-01,8.187E-01,1.000,4.432E-33
IPR012444_A0A015LDT9_model,A0A9P8A0R2,29,326,7,341,8.162E-01,7.449E-01,6.851E-01,8.003E-01,1.000,1.769E-33
IPR012444_A0A015LDT9_model,A0A9P6JBL3,29,326,9,343,8.106E-01,7.398E-01,6.767E-01,7.974E-01,1.000,1.084E-33
IPR012444_A0A015LDT9_model,A0A1X2HYV1,29,324,11,310,8.120E-01,7.365E-01,6.726E-01,8.188E-01,1.000,4.168E-33
IPR012444_A0A015LDT9_model,A0A9P5VK85,1,326,5,349,7.428E-01,7.405E-01,6.648E-01,8.267E-01,1.000,1.626E-34
IPR012444_A0A015LDT9_model,A0AAD4H1J2,39,326,1,341,8.385E-01,7.411E-01,6.743E-01,8.313E-01,1.000,3.340E-32
IPR012444_A0A015LDT9_model,A0A2G4SJM7,1,324,7,307,7.996E-01,7.374E-01,6.842E-01,8.416E-01,1.000,8.689E-33
IPR012444_A0A015LDT9_model,A0A197JEM5,29,326,19,343,8.160E-01,7.448E-01,6.758E-01,8.033E-01,1.000,2.887E-33
IPR012444_A0A015LDT9_model,A0A397JFH8,1,324,13,336,7.510E-01,7.442E-01,7.161E-01,8.491E-01,1.000,1.084E-33
IPR012444_A0A015LDT9_model,A0A9P5RN61,1,326,6,385,7.391E-01,7.369E-01,5.815E-01,8.264E-01,1.000,1.729E-34
IPR012444_A0A015LDT9_model,A0A8H7UFY4,32,326,19,311,8.286E-01,7.444E-01,7.044E-01,8.198E-01,1.000,2.047E-32
IPR012444_A0A015LDT9_model,A0A367K8B7,62,326,4,282,9.134E-01,7.438E-01,4.401E-01,8.276E-01,1.000,1.397E-30
IPR012444_A0A015LDT9_model,A0A1Y1X8W6,1,325,4,307,7.902E-01,7.358E-01,7.704E-01,8.394E-01,1.000,9.237E-33
IPR012444_A0A015LDT9_model,A0A9P6UFP2,17,326,12,341,7.797E-01,7.398E-01,6.730E-01,8.049E-01,1.000,9.024E-34
IPR012444_A0A015LDT9_model,A0A367KP89,75,326,2,263,9.506E-01,7.379E-01,7.847E-01,8.403E-01,1.000,1.617E-29
IPR012444_A0A015LDT9_model,A0A1Y1XRT8,30,324,34,325,8.276E-01,7.423E-01,7.379E-01,8.303E-01,1.000,6.549E-32
IPR012444_A0A015LDT9_model,A0A1X0RGW8,1,324,7,307,7.992E-01,7.371E-01,6.839E-01,8.426E-01,1.000,2.780E-32
IPR012444_A0A015LDT9_model,A0A8H7UD66,32,326,16,306,8.258E-01,7.369E-01,6.993E-01,8.185E-01,1.000,5.127E-32
IPR012444_A0A015LDT9_model,A0A8H7BIT7,1,326,16,356,7.489E-01,7.467E-01,6.101E-01,8.074E-01,1.000,2.000E-33
IPR012444_A0A015LDT9_model,A0A9N9BGD1,85,325,1,248,9.740E-01,7.211E-01,8.374E-01,8.361E-01,1.000,2.114E-28
IPR012444_A0A015LDT9_model,A0A068RQZ6,2,326,1,352,7.502E-01,7.457E-01,6.785E-01,8.177E-01,1.000,4.168E-33
IPR012444_A0A015LDT9_model,A0A2Z6QYX2,99,326,4,234,9.598E-01,6.745E-01,7.664E-01,7.969E-01,1.000,2.481E-29
IPR012444_A0A015LDT9_model,A0A367J169,1,324,7,307,7.996E-01,7.374E-01,6.842E-01,8.421E-01,1.000,4.108E-31
IPR012444_A0A015LDT9_model,A0A397UDD5,1,325,1,372,7.131E-01,7.088E-01,6.232E-01,7.856E-01,1.000,7.985E-34
IPR012444_A0A015LDT9_model,A0A9N9G5E2,94,325,2,238,9.601E-01,6.854E-01,9.175E-01,8.253E-01,1.000,1.326E-27
IPR012444_A0A015LDT9_model,A0A0C9N4D0,30,324,7,304,8.062E-01,7.292E-01,6.824E-01,7.963E-01,1.000,2.017E-30
IPR012444_A0A015LDT9_model,A0A9N9EZW7,103,324,14,239,9.325E-01,6.373E-01,8.429E-01,7.949E-01,1.000,1.173E-27
IPR012444_A0A015LDT9_model,A0A9N9AC11,77,326,3,219,9.442E-01,6.318E-01,8.352E-01,7.974E-01,1.000,9.400E-27
IPR012444_A0A015LDT9_model,A0A367KKB2,86,325,129,376,9.507E-01,7.030E-01,5.376E-01,8.073E-01,1.000,1.183E-24
IPR012444_A0A015LDT9_model,A0A380WPN8,75,314,12,244,9.063E-01,6.538E-01,8.569E-01,7.596E-01,1.000,1.931E-24
IPR012444_A0A015LDT9_model,A0A961XBA7,73,309,4,233,9.138E-01,6.509E-01,8.700E-01,7.568E-01,1.000,3.151E-24
IPR012444_A0A015LDT9_model,A0A1M7L6U6,74,309,20,253,9.116E-01,6.588E-01,8.356E-01,7.716E-01,1.000,3.225E-23
IPR012444_A0A015LDT9_model,A0A975CQI1,75,309,21,253,8.949E-01,6.457E-01,8.173E-01,7.490E-01,1.000,1.211E-23
IPR012444_A0A015LDT9_model,A0A2S7WV00,79,309,26,254,9.023E-01,6.408E-01,8.079E-01,7.349E-01,1.000,8.920E-24
IPR012444_A0A015LDT9_model,A0A1B8TQG7,69,309,17,253,9.017E-01,6.603E-01,8.369E-01,7.606E-01,1.000,2.525E-23
IPR012444_A0A015LDT9_model,A2U113,75,309,22,254,9.168E-01,6.603E-01,8.337E-01,7.765E-01,1.000,1.401E-22
IPR012444_A0A015LDT9_model,I1C539,119,326,1,212,9.567E-01,6.153E-01,7.757E-01,7.520E-01,1.000,5.387E-22
IPR012444_A0A015LDT9_model,A0A952HGM0,77,309,15,244,8.882E-01,6.327E-01,8.261E-01,7.431E-01,1.000,7.598E-23
IPR012444_A0A015LDT9_model,A0A367ISZ2,118,326,1,213,9.507E-01,6.145E-01,7.894E-01,7.531E-01,1.000,8.269E-22
IPR012444_A0A015LDT9_model,A0A9P7BUK6,122,324,4,209,9.566E-01,5.998E-01,7.567E-01,7.509E-01,1.000,1.123E-21
IPR012444_A0A015LDT9_model,A0A6C0EZB4,80,309,2,239,9.026E-01,6.427E-01,8.595E-01,7.366E-01,1.000,1.318E-22
IPR012444_A0A015LDT9_model,A0A9P6IPP6,141,326,4,193,9.377E-01,5.425E-01,7.702E-01,7.621E-01,1.000,1.349E-21
IPR012444_A0A015LDT9_model,A0A1X0RZG4,122,324,5,210,9.533E-01,5.981E-01,7.601E-01,7.457E-01,1.000,1.194E-21
IPR012444_A0A015LDT9_model,A0A9P6PU06,29,317,4,425,7.887E-01,6.996E-01,5.298E-01,7.674E-01,1.000,1.072E-23
IPR012444_A0A015LDT9_model,A0A1H1JAV0,74,308,7,235,8.888E-01,6.304E-01,8.633E-01,7.417E-01,1.000,1.490E-22
IPR012444_A0A015LDT9_model,A0A9P6P2C1,122,324,5,209,9.338E-01,5.881E-01,8.676E-01,7.365E-01,1.000,9.935E-22
IPR012444_A0A015LDT9_model,A0A506UCZ0,67,309,5,245,8.769E-01,6.544E-01,8.532E-01,7.393E-01,1.000,5.727E-22
IPR012444_A0A015LDT9_model,A0A9N9GVC7,165,326,2,164,9.629E-01,4.839E-01,9.294E-01,7.672E-01,1.000,5.309E-20
IPR012444_A0A015LDT9_model,A0A1Y1YVH5,116,325,1,211,9.341E-01,6.073E-01,8.969E-01,7.177E-01,1.000,8.998E-21
IPR012444_A0A015LDT9_model,A0A0Q6PMI1,75,309,3,230,9.214E-01,6.511E-01,8.877E-01,7.545E-01,1.000,4.994E-20
IPR012444_A0A015LDT9_model,A0A2K1IY97,74,295,334,569,9.203E-01,6.346E-01,3.483E-01,7.225E-01,1.000,6.000E-20
IPR012444_A0A015LDT9_model,A0A1Y1HM91,76,295,411,634,8.977E-01,6.141E-01,3.114E-01,7.206E-01,1.000,4.697E-20
IPR012444_A0A015LDT9_model,A0A9X2L2P6,76,325,3,269,8.308E-01,6.431E-01,7.510E-01,6.934E-01,1.000,3.593E-21
IPR012444_A0A015LDT9_model,A0A1W2GM66,76,322,2,275,8.327E-01,6.383E-01,7.464E-01,6.933E-01,1.000,1.017E-20
IPR012444_A0A015LDT9_model,A0A9D8VIC2,77,325,4,269,8.483E-01,6.546E-01,7.641E-01,6.962E-01,1.000,2.396E-20
IPR012444_A0A015LDT9_model,A0A176WK38,76,306,224,469,9.097E-01,6.523E-01,4.199E-01,7.286E-01,1.000,4.523E-19
IPR012444_A0A015LDT9_model,A0A8H7ZZM2,30,325,34,334,6.961E-01,6.332E-01,6.000E-01,6.565E-01,1.000,3.225E-23
IPR012444_A0A015LDT9_model,A0AAD4D5C0,1,317,2,524,7.145E-01,6.932E-01,4.291E-01,7.619E-01,1.000,1.149E-20
IPR012444_A0A015LDT9_model,A0AA38HG93,72,306,352,578,8.295E-01,5.876E-01,3.284E-01,6.893E-01,1.000,4.994E-20
IPR012444_A0A015LDT9_model,A0ABD3I5T0,63,309,229,490,8.432E-01,6.464E-01,3.501E-01,6.877E-01,1.000,2.452E-19
IPR012444_A0A015LDT9_model,A0A7I4BKF6,65,295,323,582,8.783E-01,6.301E-01,3.404E-01,6.998E-01,1.000,1.133E-18
IPR012444_A0A015LDT9_model,A0A8T0IG80,63,310,186,452,8.372E-01,6.458E-01,4.552E-01,6.736E-01,1.000,2.307E-19
IPR012444_A0A015LDT9_model,A0A9P6SI99,30,317,202,496,6.896E-01,6.097E-01,3.987E-01,6.833E-01,1.000,2.645E-21
IPR012444_A0A015LDT9_model,A0A9P6QYT3,31,317,221,549,6.921E-01,6.104E-01,3.618E-01,6.459E-01,1.000,2.341E-21
IPR012444_A0A015LDT9_model,A0A8J2X383,29,297,640,900,7.898E-01,6.376E-01,2.266E-01,6.938E-01,1.000,8.341E-19
IPR012444_A0A015LDT9_model,A0A9P7Y3M9,23,317,183,488,6.671E-01,6.037E-01,4.010E-01,6.788E-01,1.000,1.081E-20
IPR012444_A0A015LDT9_model,A0ABD1XSX0,13,326,55,431,6.899E-01,6.641E-01,4.882E-01,6.673E-01,1.000,2.307E-19
IPR012444_A0A015LDT9_model,A0A9P6STM3,30,259,13,255,7.318E-01,5.215E-01,6.578E-01,6.102E-01,1.000,2.170E-19
IPR012444_A0A015LDT9_model,A0A7S4LP46,29,306,109,387,7.060E-01,6.079E-01,4.970E-01,6.527E-01,1.000,6.942E-19
IPR012444_A0A015LDT9_model,A0A2E2WAN7,80,308,2,226,8.744E-01,6.132E-01,8.358E-01,6.690E-01,1.000,2.630E-16
IPR012444_A0A015LDT9_model,A0A433T0F3,73,298,76,317,8.338E-01,5.903E-01,5.634E-01,6.393E-01,1.000,1.822E-16
IPR012444_A0A015LDT9_model,A0A9W3BB49,76,295,132,360,8.684E-01,5.959E-01,5.022E-01,6.736E-01,1.000,3.656E-15
IPR012444_A0A015LDT9_model,A0AAE1DN87,73,306,139,383,8.394E-01,6.135E-01,5.123E-01,6.602E-01,1.000,1.215E-15
IPR012444_A0A015LDT9_model,A0A369S4E2,35,318,259,518,7.485E-01,6.004E-01,3.589E-01,6.575E-01,1.000,1.262E-16
IPR012444_A0A015LDT9_model,A0A814VGW4,4,326,2,340,6.378E-01,6.304E-01,5.065E-01,6.732E-01,1.000,5.563E-18
IPR012444_A0A015LDT9_model,A0A9W3BGD7,78,324,124,385,8.138E-01,6.259E-01,5.339E-01,6.574E-01,1.000,1.075E-15
IPR012444_A0A015LDT9_model,A0AAV2I8F6,74,314,150,405,7.915E-01,5.984E-01,4.891E-01,6.282E-01,1.000,2.327E-16
IPR012444_A0A015LDT9_model,A0A9W3BG28,76,290,192,415,8.667E-01,5.825E-01,4.281E-01,6.573E-01,1.000,4.965E-15
IPR012444_A0A015LDT9_model,A0A920ATI9,112,308,2,196,8.693E-01,5.338E-01,8.490E-01,6.567E-01,1.000,1.170E-14
IPR012444_A0A015LDT9_model,A0AAV2HN73,73,306,133,378,8.215E-01,6.014E-01,5.025E-01,6.482E-01,1.000,3.439E-15
IPR012444_A0A015LDT9_model,A0AAV2GWH8,7,324,17,399,6.575E-01,6.407E-01,5.187E-01,6.543E-01,1.000,5.694E-17
IPR012444_A0A015LDT9_model,A0AAV2GWS4,1,324,4,402,6.323E-01,6.269E-01,5.081E-01,6.467E-01,1.000,2.011E-17
IPR012444_A0A015LDT9_model,A0A814I6L1,53,307,257,527,7.722E-01,6.100E-01,3.823E-01,6.413E-01,1.000,1.373E-15
IPR012444_A0A015LDT9_model,A0ABD3UEQ1,23,322,15,345,6.393E-01,5.896E-01,5.582E-01,6.271E-01,1.000,1.780E-17
IPR012444_A0A015LDT9_model,A0A4U5PIX6,66,306,6,263,7.686E-01,5.763E-01,6.979E-01,6.298E-01,1.000,2.107E-15
IPR012444_A0A015LDT9_model,A0AAE1B1F3,74,303,156,391,7.702E-01,5.527E-01,4.450E-01,6.126E-01,1.000,1.291E-15
IPR012444_A0A015LDT9_model,A0AAE0ZAM2,2,306,13,395,6.313E-01,5.918E-01,4.807E-01,6.599E-01,1.000,1.050E-16
IPR012444_A0A015LDT9_model,A0A9W3BEB2,1,318,1,414,6.487E-01,6.318E-01,5.038E-01,6.584E-01,1.000,4.037E-16
IPR012444_A0A015LDT9_model,A0AAV2H0P2,5,324,45,434,6.169E-01,6.046E-01,4.576E-01,6.294E-01,1.000,1.341E-16
IPR012444_A0A015LDT9_model,A0AAV3YII3,2,306,44,421,6.578E-01,6.160E-01,4.709E-01,6.460E-01,1.000,1.011E-15
IPR012444_A0A015LDT9_model,A0A8S3YGB8,76,309,46,282,7.700E-01,5.645E-01,5.978E-01,6.099E-01,1.000,9.156E-15
IPR012444_A0A015LDT9_model,A0A067R2F0,6,326,2,349,6.815E-01,6.698E-01,6.152E-01,6.458E-01,1.000,3.043E-15
IPR012444_A0A015LDT9_model,A0A7R9IB92,6,324,2,347,6.729E-01,6.574E-01,5.583E-01,6.590E-01,1.000,3.656E-15
IPR012444_A0A015LDT9_model,A0A9W3B1E6,13,294,53,366,6.656E-01,5.787E-01,4.810E-01,6.274E-01,1.000,3.043E-15
IPR012444_A0A015LDT9_model,R7T782,1,293,1,326,6.298E-01,5.695E-01,5.012E-01,6.193E-01,1.000,8.414E-16
IPR012444_A0A015LDT9_model,A0A1S3K5Q5,12,321,40,354,6.374E-01,6.061E-01,5.596E-01,6.223E-01,1.000,1.552E-15
IPR012444_A0A015LDT9_model,A0A915ATZ3,29,306,69,394,6.667E-01,5.727E-01,4.767E-01,5.890E-01,1.000,4.229E-14
IPR012444_A0A015LDT9_model,A0A1E4F786,99,326,2,248,7.722E-01,5.516E-01,6.720E-01,5.825E-01,1.000,7.510E-13
IPR012444_A0A015LDT9_model,A0A0B2VX57,30,294,8,321,7.006E-01,5.749E-01,5.634E-01,5.905E-01,1.000,2.999E-13
IPR012444_A0A015LDT9_model,A0A9W7DW18,29,292,89,341,6.996E-01,5.517E-01,4.425E-01,5.428E-01,1.000,1.110E-11
IPR012444_A0A015LDT9_model,A0A818YKG5,141,290,39,197,8.020E-01,3.866E-01,4.838E-01,5.744E-01,1.000,3.635E-10
IPR012444_A0A015LDT9_model,A0AAD8XSD4,1,318,7,326,5.642E-01,5.501E-01,5.010E-01,5.733E-01,1.000,1.664E-12
IPR012444_A0A015LDT9_model,A0A945EUI3,63,298,11,248,7.160E-01,5.303E-01,5.761E-01,5.453E-01,1.000,7.869E-11
IPR012444_A0A015LDT9_model,A0A1Z2XPI4,79,292,2,203,7.292E-01,4.698E-01,5.253E-01,5.283E-01,1.000,1.744E-10
IPR012444_A0A015LDT9_model,A0A7M1WDZ6,77,292,4,206,6.980E-01,4.559E-01,5.346E-01,5.188E-01,1.000,1.971E-10
IPR012444_A0A015LDT9_model,A0A4P6YC35,78,292,2,205,6.744E-01,4.437E-01,5.131E-01,4.921E-01,1.000,1.640E-10
IPR012444_A0A015LDT9_model,Q6ASB6,78,322,2,254,6.413E-01,4.938E-01,6.168E-01,5.180E-01,1.000,5.579E-10
IPR012444_A0A015LDT9_model,A0A9N9E3Y2,44,177,1,162,7.166E-01,3.003E-01,5.858E-01,6.231E-01,1.000,6.606E-08
IPR012444_A0A015LDT9_model,A0ABD3UIP3,1,326,38,358,5.094E-01,5.016E-01,4.592E-01,5.716E-01,1.000,2.368E-10
IPR012444_A0A015LDT9_model,A0A6N2U8B4,79,324,2,266,5.863E-01,4.522E-01,5.234E-01,4.920E-01,1.000,2.517E-10
IPR012444_A0A015LDT9_model,A0AAT9FNS1,68,326,2,271,6.527E-01,5.339E-01,4.934E-01,5.194E-01,1.000,2.577E-09
IPR012444_A0A015LDT9_model,A0A935BWJ8,79,326,2,225,6.660E-01,4.737E-01,5.301E-01,5.096E-01,1.000,2.739E-09
IPR012444_A0A015LDT9_model,A0A5F2GLL3,33,326,1,281,5.841E-01,5.139E-01,4.737E-01,5.355E-01,1.000,2.280E-09
IPR012444_A0A015LDT9_model,A0A2R6X942,76,311,180,432,6.368E-01,4.799E-01,3.586E-01,4.922E-01,1.000,2.912E-09
IPR012444_A0A015LDT9_model,A0A736ACK9,74,290,23,229,7.106E-01,4.763E-01,5.620E-01,5.053E-01,1.000,2.065E-08
IPR012444_A0A015LDT9_model,A0A958JFI0,68,317,6,300,6.678E-01,5.291E-01,5.100E-01,4.616E-01,1.000,3.096E-09
IPR012444_A0A015LDT9_model,A0A752JM42,70,290,21,229,7.074E-01,4.783E-01,5.239E-01,5.033E-01,1.000,2.334E-08
IPR012444_A0A015LDT9_model,A0AAX3S4H5,73,288,21,225,7.068E-01,4.736E-01,4.613E-01,5.080E-01,1.000,2.481E-08
IPR012444_A0A015LDT9_model,A0A529U290,32,285,7,228,6.260E-01,4.485E-01,4.080E-01,4.969E-01,1.000,3.720E-09
IPR012444_A0A015LDT9_model,A0A162ETT0,74,288,2,199,7.430E-01,4.798E-01,4.117E-01,4.982E-01,1.000,4.304E-08
IPR012444_A0A015LDT9_model,A0AAU2LPR1,79,326,2,288,6.502E-01,5.136E-01,5.591E-01,4.863E-01,1.000,6.071E-09
IPR012444_A0A015LDT9_model,A0A6Y4B423,70,290,21,229,6.922E-01,4.685E-01,5.302E-01,4.988E-01,1.000,2.065E-08
IPR012444_A0A015LDT9_model,E5YMZ4,74,290,22,227,6.999E-01,4.713E-01,4.605E-01,4.941E-01,1.000,2.195E-08
IPR012444_A0A015LDT9_model,A0A344SJB8,70,290,21,229,7.201E-01,4.901E-01,4.758E-01,5.073E-01,1.000,4.048E-08
IPR012444_A0A015LDT9_model,A0A447QWG0,70,290,21,229,6.936E-01,4.695E-01,4.560E-01,4.980E-01,1.000,2.065E-08
IPR012444_A0A015LDT9_model,A0A741V2P4,74,290,23,229,7.057E-01,4.725E-01,5.325E-01,5.050E-01,1.000,3.369E-08
IPR012444_A0A015LDT9_model,A0A344S3Z0,70,290,21,229,7.056E-01,4.774E-01,4.636E-01,5.023E-01,1.000,3.169E-08
IPR012444_A0A015LDT9_model,A0A726EEC2,70,290,21,229,6.950E-01,4.704E-01,5.492E-01,4.976E-01,1.000,2.638E-08
IPR012444_A0A015LDT9_model,A0A730TMC0,74,290,23,229,7.035E-01,4.711E-01,5.487E-01,5.042E-01,1.000,3.582E-08
IPR012444_A0A015LDT9_model,A0A5X8ABS9,74,290,23,229,7.053E-01,4.718E-01,4.837E-01,5.032E-01,1.000,4.048E-08
IPR012444_A0A015LDT9_model,A0A1X8W7J9,79,290,31,232,7.066E-01,4.639E-01,4.469E-01,5.056E-01,1.000,4.576E-08
IPR012444_A0A015LDT9_model,A0A926KQR7,69,285,4,209,6.718E-01,4.544E-01,5.406E-01,4.682E-01,1.000,9.318E-09
IPR012444_A0A015LDT9_model,A0A5Y2LVG5,70,290,21,229,6.963E-01,4.723E-01,4.587E-01,4.952E-01,1.000,2.981E-08
IPR012444_A0A015LDT9_model,A0A5C7EZJ4,78,321,4,272,6.177E-01,4.827E-01,5.383E-01,4.673E-01,1.000,3.499E-09
IPR012444_A0A015LDT9_model,A0A1K2FJ13,80,324,3,282,6.253E-01,4.880E-01,5.317E-01,4.787E-01,1.000,5.371E-09
IPR012444_A0A015LDT9_model,A0A1G5ILY8,80,293,2,194,6.926E-01,4.353E-01,4.331E-01,4.822E-01,1.000,2.195E-08
IPR012444_A0A015LDT9_model,A0A5I2YR72,79,290,28,229,7.083E-01,4.643E-01,4.507E-01,5.016E-01,1.000,4.864E-08
IPR012444_A0A015LDT9_model,A0AAW9FDS6,73,324,4,243,6.649E-01,5.062E-01,6.530E-01,4.992E-01,1.000,2.334E-08
IPR012444_A0A015LDT9_model,A0A736NB28,70,290,21,229,6.949E-01,4.680E-01,5.309E-01,4.944E-01,1.000,3.582E-08
IPR012444_A0A015LDT9_model,A0A701Y670,70,290,21,229,7.054E-01,4.768E-01,4.632E-01,5.029E-01,1.000,5.498E-08
IPR012444_A0A015LDT9_model,A0A439WE41,80,324,2,247,6.073E-01,4.738E-01,5.817E-01,5.021E-01,1.000,8.765E-09
IPR012444_A0A015LDT9_model,A0A738NT28,74,290,23,229,7.027E-01,4.712E-01,5.669E-01,5.002E-01,1.000,5.498E-08
IPR012444_A0A015LDT9_model,A0A728XSJ7,70,290,21,229,6.935E-01,4.697E-01,4.561E-01,4.988E-01,1.000,4.304E-08
IPR012444_A0A015LDT9_model,A0A5J0XKD7,70,290,21,229,7.012E-01,4.752E-01,4.614E-01,5.014E-01,1.000,5.171E-08
IPR012444_A0A015LDT9_model,G5LVG3,79,290,28,229,7.080E-01,4.646E-01,4.510E-01,5.048E-01,1.000,7.466E-08
IPR012444_A0A015LDT9_model,A0A739FQZ9,74,290,23,229,7.193E-01,4.813E-01,5.002E-01,5.101E-01,1.000,1.078E-07
IPR012444_A0A015LDT9_model,A0A5T3VPT7,74,290,23,229,7.019E-01,4.706E-01,4.864E-01,5.039E-01,1.000,7.023E-08
IPR012444_A0A015LDT9_model,A0A704UMC2,79,290,28,229,7.194E-01,4.711E-01,4.763E-01,5.067E-01,1.000,1.014E-07
IPR012444_A0A015LDT9_model,G5S2R5,74,290,23,229,7.030E-01,4.717E-01,4.580E-01,5.055E-01,1.000,7.466E-08
IPR012444_A0A015LDT9_model,A0A3G3DSY4,74,290,23,229,7.205E-01,4.823E-01,4.682E-01,5.094E-01,1.000,1.078E-07
IPR012444_A0A015LDT9_model,A0A737P0I8,74,290,23,229,7.142E-01,4.785E-01,4.648E-01,5.068E-01,1.000,9.538E-08
IPR012444_A0A015LDT9_model,A0A7R9F348,168,326,6,183,7.705E-01,3.993E-01,5.716E-01,5.348E-01,1.000,4.684E-07
IPR012444_A0A015LDT9_model,A0A733WCR3,74,290,23,229,7.124E-01,4.779E-01,5.710E-01,5.102E-01,1.000,1.146E-07
IPR012444_A0A015LDT9_model,A0A6Y2BNB6,76,290,2,206,7.216E-01,4.789E-01,5.360E-01,5.140E-01,1.000,1.464E-07
IPR012444_A0A015LDT9_model,A0A739PEE0,70,290,21,229,6.969E-01,4.712E-01,5.160E-01,4.992E-01,1.000,6.214E-08
IPR012444_A0A015LDT9_model,A0A416VUK3,76,287,2,199,6.771E-01,4.436E-01,4.707E-01,4.638E-01,1.000,1.827E-08
IPR012444_A0A015LDT9_model,A0AAW8TUQ8,79,324,5,275,5.751E-01,4.514E-01,5.183E-01,4.579E-01,1.000,2.017E-09
IPR012444_A0A015LDT9_model,A0A0S3U8U8,74,287,6,203,7.277E-01,4.686E-01,4.939E-01,4.809E-01,1.000,7.466E-08
IPR012444_A0A015LDT9_model,A0A609S154,79,290,28,229,7.195E-01,4.708E-01,4.814E-01,5.039E-01,1.000,1.146E-07
IPR012444_A0A015LDT9_model,A0A2A2M8P4,74,290,22,227,6.999E-01,4.715E-01,4.605E-01,4.940E-01,1.000,7.023E-08
IPR012444_A0A015LDT9_model,A0A5U3EXK5,70,290,21,229,6.697E-01,4.558E-01,4.428E-01,4.829E-01,1.000,2.804E-08
IPR012444_A0A015LDT9_model,A0A633IVJ5,74,290,23,229,7.189E-01,4.806E-01,4.666E-01,5.093E-01,1.000,1.377E-07
IPR012444_A0A015LDT9_model,A0A5U2WVW8,79,290,18,219,7.214E-01,4.726E-01,4.713E-01,5.087E-01,1.000,1.556E-07
IPR012444_A0A015LDT9_model,A0A625TA72,77,290,26,229,7.233E-01,4.778E-01,4.640E-01,5.077E-01,1.000,1.464E-07
IPR012444_A0A015LDT9_model,A0A6Y1IR18,70,290,21,229,6.913E-01,4.688E-01,4.552E-01,4.996E-01,1.000,7.023E-08
IPR012444_A0A015LDT9_model,A0A5Y8NYD0,70,290,21,229,7.074E-01,4.782E-01,4.902E-01,5.039E-01,1.000,1.146E-07
IPR012444_A0A015LDT9_model,A0A703WLF9,70,294,21,233,6.991E-01,4.809E-01,4.671E-01,4.940E-01,1.000,8.439E-08
IPR012444_A0A015LDT9_model,A0A5X5XLI3,74,290,23,229,7.192E-01,4.813E-01,4.673E-01,5.105E-01,1.000,1.759E-07
IPR012444_A0A015LDT9_model,A0A5W9CK27,74,290,23,229,7.016E-01,4.707E-01,4.570E-01,5.040E-01,1.000,1.078E-07
IPR012444_A0A015LDT9_model,A0A075U7V6,79,322,5,273,6.210E-01,4.857E-01,5.596E-01,4.794E-01,1.000,1.345E-08
IPR012444_A0A015LDT9_model,A0A702PFR5,74,290,23,229,7.201E-01,4.820E-01,4.942E-01,5.111E-01,1.000,1.870E-07
IPR012444_A0A015LDT9_model,A0A5T5XRA0,74,290,23,229,7.040E-01,4.716E-01,4.591E-01,5.049E-01,1.000,1.295E-07
IPR012444_A0A015LDT9_model,A0A8E9YM67,79,290,28,229,7.130E-01,4.682E-01,4.546E-01,5.047E-01,1.000,1.464E-07
IPR012444_A0A015LDT9_model,A0A729KKY9,75,290,18,229,6.833E-01,4.675E-01,5.052E-01,5.026E-01,1.000,8.971E-08
IPR012444_A0A015LDT9_model,A0A727D0B9,70,290,21,229,7.060E-01,4.769E-01,5.058E-01,5.014E-01,1.000,1.377E-07
IPR012444_A0A015LDT9_model,A0A662ZY53,79,285,2,195,7.179E-01,4.596E-01,4.737E-01,4.710E-01,1.000,7.466E-08
IPR012444_A0A015LDT9_model,A0A6X8L144,70,290,11,219,7.056E-01,4.772E-01,4.759E-01,5.036E-01,1.000,1.464E-07
IPR012444_A0A015LDT9_model,A0A5U5NPR2,79,290,28,229,7.077E-01,4.618E-01,4.483E-01,4.997E-01,1.000,1.295E-07
IPR012444_A0A015LDT9_model,A0A3V9VF42,70,290,21,229,7.038E-01,4.742E-01,4.606E-01,5.021E-01,1.000,1.377E-07
IPR012444_A0A015LDT9_model,A0A659NN08,79,290,28,229,7.104E-01,4.659E-01,4.524E-01,4.996E-01,1.000,1.377E-07
IPR012444_A0A015LDT9_model,A0A6X7MBN4,70,290,21,229,7.072E-01,4.779E-01,4.969E-01,5.045E-01,1.000,1.655E-07
IPR012444_A0A015LDT9_model,A0A2H6LCK2,73,288,4,210,6.982E-01,4.719E-01,4.876E-01,4.641E-01,1.000,5.171E-08
IPR012444_A0A015LDT9_model,A0A5U3NLP2,73,290,2,208,6.936E-01,4.661E-01,4.792E-01,4.994E-01,1.000,1.146E-07
IPR012444_A0A015LDT9_model,A0A702J943,74,290,23,229,7.016E-01,4.707E-01,4.825E-01,5.047E-01,1.000,1.556E-07
IPR012444_A0A015LDT9_model,A0A486X232,70,290,21,229,7.019E-01,4.726E-01,4.587E-01,4.978E-01,1.000,1.218E-07
IPR012444_A0A015LDT9_model,A0A3V4QU92,70,294,21,233,6.933E-01,4.756E-01,4.618E-01,4.925E-01,1.000,1.014E-07
IPR012444_A0A015LDT9_model,A0A5U1FA06,74,290,23,229,7.146E-01,4.784E-01,4.645E-01,5.083E-01,1.000,2.114E-07
IPR012444_A0A015LDT9_model,A0A746BXY8,75,290,18,229,6.806E-01,4.668E-01,4.533E-01,5.030E-01,1.000,9.538E-08
IPR012444_A0A015LDT9_model,A0A5H6IM67,77,290,26,229,7.083E-01,4.670E-01,4.533E-01,5.034E-01,1.000,1.556E-07
IPR012444_A0A015LDT9_model,A0A3U4IUM4,74,290,23,229,7.074E-01,4.714E-01,4.576E-01,5.021E-01,1.000,1.556E-07
IPR012444_A0A015LDT9_model,A0A726X2H0,70,290,21,229,7.017E-01,4.746E-01,6.369E-01,5.008E-01,1.000,1.464E-07
IPR012444_A0A015LDT9_model,A0A730F2J7,70,290,21,229,7.039E-01,4.744E-01,5.347E-01,4.995E-01,1.000,1.464E-07
IPR012444_A0A015LDT9_model,A0A734WAM9,74,290,23,229,7.115E-01,4.755E-01,5.127E-01,5.041E-01,1.000,1.988E-07
IPR012444_A0A015LDT9_model,A0A5U4VRB2,74,290,23,229,7.026E-01,4.707E-01,4.921E-01,5.037E-01,1.000,1.655E-07
IPR012444_A0A015LDT9_model,A0A2X4XG48,69,287,19,224,7.134E-01,4.788E-01,4.662E-01,4.917E-01,1.000,1.556E-07
IPR012444_A0A015LDT9_model,A0A850FD28,70,289,19,222,7.115E-01,4.714E-01,4.588E-01,4.858E-01,1.000,1.295E-07
IPR012444_A0A015LDT9_model,A0A2T9I6H8,70,290,21,229,7.037E-01,4.761E-01,4.623E-01,5.001E-01,1.000,1.464E-07
IPR012444_A0A015LDT9_model,A0A5W8MKD5,70,290,21,229,7.030E-01,4.751E-01,4.613E-01,4.977E-01,1.000,1.464E-07
IPR012444_A0A015LDT9_model,A0A8E6VTT3,79,290,28,229,7.152E-01,4.670E-01,4.534E-01,5.028E-01,1.000,1.988E-07
IPR012444_A0A015LDT9_model,A0A7U1KUL2,74,290,23,229,7.072E-01,4.720E-01,4.582E-01,5.037E-01,1.000,1.870E-07
IPR012444_A0A015LDT9_model,A0A739FIQ0,74,290,23,229,7.120E-01,4.769E-01,6.133E-01,5.055E-01,1.000,2.114E-07
IPR012444_A0A015LDT9_model,A0A742HZ63,70,290,21,229,7.011E-01,4.729E-01,5.296E-01,4.951E-01,1.000,1.464E-07
IPR012444_A0A015LDT9_model,A0AA95GTE9,68,288,21,222,7.111E-01,4.656E-01,4.593E-01,4.962E-01,1.000,1.759E-07
IPR012444_A0A015LDT9_model,A0A097QXK1,71,290,19,227,6.825E-01,4.655E-01,4.546E-01,4.945E-01,1.000,1.014E-07
IPR012444_A0A015LDT9_model,A0A977NE59,74,290,23,229,7.086E-01,4.726E-01,4.587E-01,5.044E-01,1.000,2.114E-07
IPR012444_A0A015LDT9_model,A0A418Z6B0,70,290,21,229,6.956E-01,4.685E-01,4.547E-01,4.939E-01,1.000,1.295E-07
IPR012444_A0A015LDT9_model,A0A5J0VLI6,74,290,23,229,7.147E-01,4.766E-01,4.627E-01,5.065E-01,1.000,2.389E-07
IPR012444_A0A015LDT9_model,A0A730I1J8,70,290,21,229,6.939E-01,4.705E-01,4.570E-01,4.952E-01,1.000,1.295E-07
IPR012444_A0A015LDT9_model,A0A2V5XN84,78,297,3,209,7.218E-01,4.820E-01,4.487E-01,4.974E-01,1.000,2.247E-07
IPR012444_A0A015LDT9_model,A0A6Y2EV15,74,290,23,229,7.094E-01,4.750E-01,4.912E-01,5.043E-01,1.000,2.389E-07
IPR012444_A0A015LDT9_model,A0A701XVH1,70,290,21,229,7.098E-01,4.796E-01,4.658E-01,5.049E-01,1.000,2.247E-07
IPR012444_A0A015LDT9_model,A0A447JA71,79,290,28,229,7.196E-01,4.716E-01,4.578E-01,5.060E-01,1.000,2.700E-07
IPR012444_A0A015LDT9_model,A0A6C7HXB6,79,290,28,229,7.206E-01,4.723E-01,4.586E-01,5.092E-01,1.000,3.051E-07
IPR012444_A0A015LDT9_model,A0A734Y1F6,75,290,18,229,6.772E-01,4.638E-01,6.038E-01,5.003E-01,1.000,1.377E-07
IPR012444_A0A015LDT9_model,A0A730B0T1,70,290,21,229,6.906E-01,4.674E-01,6.001E-01,4.950E-01,1.000,1.556E-07
IPR012444_A0A015LDT9_model,A0A5U3I0I9,79,290,28,229,7.125E-01,4.634E-01,4.836E-01,5.009E-01,1.000,2.389E-07
IPR012444_A0A015LDT9_model,A0A0R9P0H1,79,290,28,229,7.152E-01,4.668E-01,4.532E-01,5.024E-01,1.000,2.540E-07
IPR012444_A0A015LDT9_model,A0A8E5IJX1,70,290,21,229,7.029E-01,4.756E-01,4.618E-01,4.993E-01,1.000,1.988E-07
IPR012444_A0A015LDT9_model,A0A2A6DB32,74,290,23,229,7.086E-01,4.720E-01,4.582E-01,5.030E-01,1.000,2.540E-07
IPR012444_A0A015LDT9_model,A0A2T8TB26,70,290,21,229,7.067E-01,4.777E-01,4.638E-01,5.014E-01,1.000,2.389E-07
IPR012444_A0A015LDT9_model,A0A757UNC6,79,294,28,233,7.117E-01,4.733E-01,4.594E-01,5.022E-01,1.000,2.389E-07
IPR012444_A0A015LDT9_model,A0A9P2I832,78,290,29,230,7.350E-01,4.818E-01,5.783E-01,5.067E-01,1.000,4.405E-07
IPR012444_A0A015LDT9_model,A0A172TZS4,78,288,7,199,7.191E-01,4.538E-01,4.759E-01,4.838E-01,1.000,1.988E-07
IPR012444_A0A015LDT9_model,A0A739HXV0,74,290,23,229,7.027E-01,4.682E-01,4.899E-01,5.007E-01,1.000,2.389E-07
IPR012444_A0A015LDT9_model,A0A6Y1XHQ2,74,290,10,216,7.019E-01,4.714E-01,4.740E-01,4.989E-01,1.000,2.114E-07
IPR012444_A0A015LDT9_model,A0A629ZH95,70,290,21,229,6.712E-01,4.558E-01,4.473E-01,4.865E-01,1.000,9.538E-08
IPR012444_A0A015LDT9_model,A0A3Z0RWS0,79,294,28,233,7.087E-01,4.745E-01,4.608E-01,4.990E-01,1.000,2.389E-07
IPR012444_A0A015LDT9_model,A0A3V7KQ34,79,290,28,229,7.170E-01,4.704E-01,4.567E-01,5.044E-01,1.000,3.051E-07
IPR012444_A0A015LDT9_model,A0A5J1BYJ3,74,290,23,229,7.173E-01,4.801E-01,4.661E-01,5.083E-01,1.000,3.666E-07
IPR012444_A0A015LDT9_model,A0A730WSY4,70,290,21,229,7.062E-01,4.774E-01,4.636E-01,5.013E-01,1.000,2.389E-07
IPR012444_A0A015LDT9_model,A0A5H7D5N0,74,290,23,229,7.118E-01,4.749E-01,4.610E-01,5.050E-01,1.000,3.051E-07
IPR012444_A0A015LDT9_model,A0A8E6NMJ5,74,290,23,229,7.149E-01,4.770E-01,4.632E-01,5.059E-01,1.000,3.051E-07
IPR012444_A0A015LDT9_model,A0A3V9PRV0,74,290,23,229,7.130E-01,4.761E-01,4.622E-01,5.044E-01,1.000,2.870E-07
IPR012444_A0A015LDT9_model,A0A3L5H3K4,78,287,29,227,7.286E-01,4.740E-01,4.594E-01,4.965E-01,1.000,3.244E-07
IPR012444_A0A015LDT9_model,A0A969S3L5,74,288,5,210,6.883E-01,4.639E-01,5.306E-01,4.773E-01,1.000,1.146E-07
IPR012444_A0A015LDT9_model,A0A6Y5B3G8,70,290,21,229,6.933E-01,4.664E-01,4.964E-01,4.920E-01,1.000,1.870E-07
IPR012444_A0A015LDT9_model,A0A609RJP2,70,290,21,229,6.966E-01,4.706E-01,4.811E-01,5.005E-01,1.000,2.247E-07
IPR012444_A0A015LDT9_model,A0A379TS11,70,290,21,229,7.067E-01,4.776E-01,4.638E-01,5.013E-01,1.000,2.700E-07
IPR012444_A0A015LDT9_model,A0A265BB29,79,290,28,229,7.119E-01,4.658E-01,4.522E-01,5.035E-01,1.000,3.051E-07
IPR012444_A0A015LDT9_model,A0A5U4LDQ4,74,290,23,229,7.044E-01,4.703E-01,4.565E-01,5.036E-01,1.000,2.700E-07
IPR012444_A0A015LDT9_model,A0A8E9PMN3,79,290,28,229,7.166E-01,4.676E-01,4.542E-01,5.031E-01,1.000,3.244E-07
IPR012444_A0A015LDT9_model,A0A5J5FV14,73,287,21,224,6.997E-01,4.677E-01,4.533E-01,4.800E-01,1.000,1.556E-07
IPR012444_A0A015LDT9_model,A0A4P8YHE7,76,287,29,228,7.264E-01,4.775E-01,4.529E-01,5.068E-01,1.000,4.405E-07
IPR012444_A0A015LDT9_model,A0A4Z1E7R1,53,286,124,353,6.607E-01,4.880E-01,3.413E-01,4.875E-01,1.000,8.971E-08
IPR012444_A0A015LDT9_model,A0A736IDL5,70,290,21,229,6.882E-01,4.662E-01,5.740E-01,4.951E-01,1.000,1.988E-07
IPR012444_A0A015LDT9_model,A0AAU7PLY8,74,319,2,271,6.145E-01,4.811E-01,5.601E-01,4.556E-01,1.000,1.827E-08
IPR012444_A0A015LDT9_model,A0A430B5U1,74,324,2,277,6.016E-01,4.840E-01,5.022E-01,4.547E-01,1.000,1.265E-08
IPR012444_A0A015LDT9_model,A0A633Q379,70,290,11,219,6.748E-01,4.570E-01,4.557E-01,4.877E-01,1.000,1.377E-07
IPR012444_A0A015LDT9_model,A0AA86ESW0,75,290,18,229,6.847E-01,4.682E-01,4.552E-01,5.019E-01,1.000,2.247E-07
IPR012444_A0A015LDT9_model,A0A5Y7AE30,79,290,28,229,7.162E-01,4.680E-01,4.543E-01,5.039E-01,1.000,3.666E-07
IPR012444_A0A015LDT9_model,A0A6C6ZRD7,79,290,28,229,7.181E-01,4.691E-01,4.553E-01,5.020E-01,1.000,3.666E-07
IPR012444_A0A015LDT9_model,A0A5H5HLR8,70,290,21,229,6.980E-01,4.700E-01,4.563E-01,4.965E-01,1.000,2.389E-07
IPR012444_A0A015LDT9_model,A0A5I4JEY3,70,290,21,229,6.824E-01,4.627E-01,4.494E-01,4.905E-01,1.000,1.556E-07
IPR012444_A0A015LDT9_model,A0A229A8N6,78,287,29,227,7.302E-01,4.741E-01,4.592E-01,4.983E-01,1.000,4.144E-07
IPR012444_A0A015LDT9_model,A0A6G9REX8,76,290,27,230,7.250E-01,4.823E-01,4.674E-01,5.008E-01,1.000,4.144E-07
IPR012444_A0A015LDT9_model,A0AA93AJL9,72,290,17,224,7.044E-01,4.768E-01,4.608E-01,4.914E-01,1.000,2.247E-07
IPR012444_A0A015LDT9_model,A0A951PWF4,73,288,4,210,6.598E-01,4.480E-01,4.643E-01,4.514E-01,1.000,4.576E-08
IPR012444_A0A015LDT9_model,A0A173UQC9,79,321,2,265,6.475E-01,5.050E-01,5.210E-01,4.772E-01,1.000,7.023E-08
IPR012444_A0A015LDT9_model,A0A718YAC5,70,290,21,229,7.057E-01,4.770E-01,4.632E-01,5.015E-01,1.000,3.244E-07
IPR012444_A0A015LDT9_model,A0A3Z4NUE1,74,290,23,229,7.143E-01,4.775E-01,4.637E-01,5.005E-01,1.000,3.898E-07
IPR012444_A0A015LDT9_model,A0A5U1B2D9,74,290,23,229,7.075E-01,4.718E-01,4.582E-01,5.032E-01,1.000,3.449E-07
IPR012444_A0A015LDT9_model,A0A3U9HR29,70,290,21,229,7.010E-01,4.732E-01,4.596E-01,4.998E-01,1.000,3.051E-07
IPR012444_A0A015LDT9_model,A0A5W3E8X4,79,290,28,229,7.182E-01,4.702E-01,4.564E-01,5.036E-01,1.000,4.144E-07
IPR012444_A0A015LDT9_model,A0A5I1RX74,70,290,21,229,7.063E-01,4.774E-01,4.636E-01,5.006E-01,1.000,3.244E-07
IPR012444_A0A015LDT9_model,A0A3V2YDD1,79,294,28,233,7.173E-01,4.775E-01,4.635E-01,5.030E-01,1.000,4.144E-07
IPR012444_A0A015LDT9_model,A0A735HIE6,70,290,21,229,6.964E-01,4.691E-01,4.556E-01,4.965E-01,1.000,2.540E-07
IPR012444_A0A015LDT9_model,A0A8B3FDV0,71,287,21,224,7.022E-01,4.702E-01,4.532E-01,4.819E-01,1.000,1.988E-07
IPR012444_A0A015LDT9_model,A0A6X8ME88,81,290,2,201,6.935E-01,4.497E-01,5.687E-01,4.843E-01,1.000,1.988E-07
IPR012444_A0A015LDT9_model,A0A6Y2LE72,70,290,21,229,7.033E-01,4.743E-01,5.229E-01,4.983E-01,1.000,3.449E-07
IPR012444_A0A015LDT9_model,A0A620CX58,79,290,28,229,7.104E-01,4.629E-01,4.858E-01,5.011E-01,1.000,4.144E-07
IPR012444_A0A015LDT9_model,A0A749A2I6,75,290,18,229,6.834E-01,4.682E-01,4.759E-01,5.046E-01,1.000,2.700E-07
IPR012444_A0A015LDT9_model,A0AAV3H440,69,301,19,237,7.115E-01,5.039E-01,4.920E-01,4.996E-01,1.000,3.898E-07
IPR012444_A0A015LDT9_model,A0A8E6XDW9,75,290,18,229,6.936E-01,4.747E-01,4.610E-01,5.045E-01,1.000,3.449E-07
IPR012444_A0A015LDT9_model,A0A609WAQ5,70,290,21,229,7.063E-01,4.775E-01,4.636E-01,5.020E-01,1.000,3.898E-07
IPR012444_A0A015LDT9_model,A0A8E6KS16,79,290,28,229,7.182E-01,4.704E-01,4.567E-01,5.043E-01,1.000,4.684E-07
IPR012444_A0A015LDT9_model,A0A5V1RQS5,79,290,28,229,6.801E-01,4.479E-01,4.350E-01,4.912E-01,1.000,1.870E-07
IPR012444_A0A015LDT9_model,A0A701QVF8,70,290,21,229,6.965E-01,4.691E-01,4.554E-01,4.960E-01,1.000,2.870E-07
IPR012444_A0A015LDT9_model,A0A4U8KMA7,74,290,23,229,7.166E-01,4.799E-01,4.659E-01,5.076E-01,1.000,4.979E-07
IPR012444_A0A015LDT9_model,A0AAU1AKF6,79,301,3,215,6.307E-01,4.418E-01,5.121E-01,4.288E-01,1.000,1.520E-08
IPR012444_A0A015LDT9_model,A0A3E5DZ75,79,287,2,197,6.936E-01,4.514E-01,4.661E-01,4.673E-01,1.000,1.464E-07
IPR012444_A0A015LDT9_model,A0A379FT39,79,326,24,292,6.368E-01,5.046E-01,4.921E-01,4.873E-01,1.000,8.971E-08
IPR012444_A0A015LDT9_model,A0A719ZQD5,70,290,21,229,6.977E-01,4.709E-01,4.572E-01,4.911E-01,1.000,2.870E-07
IPR012444_A0A015LDT9_model,A0AAT9N4D1,79,290,28,229,7.106E-01,4.653E-01,4.524E-01,5.023E-01,1.000,4.405E-07
IPR012444_A0A015LDT9_model,A0AAU7GQP3,71,287,20,226,6.928E-01,4.674E-01,4.541E-01,4.807E-01,1.000,1.988E-07
IPR012444_A0A015LDT9_model,A0A742RFI5,70,290,21,229,7.057E-01,4.772E-01,4.634E-01,5.004E-01,1.000,3.898E-07
IPR012444_A0A015LDT9_model,A0A447NFK0,70,290,21,229,7.013E-01,4.733E-01,4.598E-01,4.957E-01,1.000,3.449E-07
IPR012444_A0A015LDT9_model,A0A1Y3XMV4,9,321,15,339,4.980E-01,4.795E-01,4.589E-01,4.977E-01,1.000,5.052E-09
IPR012444_A0A015LDT9_model,A0A412B7E6,79,321,2,265,6.411E-01,5.007E-01,5.168E-01,4.690E-01,1.000,6.606E-08
IPR012444_A0A015LDT9_model,A0A412VNW6,79,321,2,265,6.495E-01,5.074E-01,5.239E-01,4.920E-01,1.000,1.377E-07
IPR012444_A0A015LDT9_model,A0A734ZYI6,74,290,23,229,6.998E-01,4.696E-01,4.622E-01,5.023E-01,1.000,4.144E-07
IPR012444_A0A015LDT9_model,A0A658XV99,69,301,19,237,7.118E-01,5.041E-01,4.929E-01,4.996E-01,1.000,4.684E-07
IPR012444_A0A015LDT9_model,A0A4P7TST9,69,301,19,237,7.147E-01,5.062E-01,4.943E-01,5.019E-01,1.000,5.293E-07
IPR012444_A0A015LDT9_model,A0A742TES7,79,290,28,229,7.191E-01,4.709E-01,4.571E-01,5.029E-01,1.000,5.628E-07
IPR012444_A0A015LDT9_model,D2QX94,66,294,6,236,6.259E-01,4.607E-01,4.202E-01,4.698E-01,1.000,5.171E-08
IPR012444_A0A015LDT9_model,D6CX18,79,322,2,265,5.973E-01,4.704E-01,5.420E-01,4.428E-01,1.000,1.520E-08
IPR012444_A0A015LDT9_model,A0A6Y3FH79,74,290,23,229,7.112E-01,4.750E-01,5.142E-01,5.031E-01,1.000,5.628E-07
IPR012444_A0A015LDT9_model,A0A736LC33,70,285,2,207,7.153E-01,4.791E-01,4.881E-01,4.754E-01,1.000,3.244E-07
